/scratch/network/louisv/.conda/envs/orca_env/lib/python3.9/site-packages/cooltools/lib/numutils.py:1376: RuntimeWarning: invalid value encountered in divide
  val_cur = ar_cur / armask_cur
/scratch/network/louisv/.conda/envs/orca_env/lib/python3.9/site-packages/cooltools/lib/numutils.py:1376: RuntimeWarning: invalid value encountered in divide
  val_cur = ar_cur / armask_cur
/scratch/network/louisv/transorca/transorca_predict.py:341: UserWarning: The given NumPy array is not writable, and PyTorch does not support non-writable tensors. This means writing to this tensor will result in undefined behavior. You may want to copy the array to protect its data or make it writable before converting it to a tensor. This type of warning will be suppressed for the rest of this program. (Triggered internally at /opt/conda/conda-bld/pytorch_1711403392949/work/torch/csrc/utils/tensor_numpy.cpp:206.)
  torch.FloatTensor(sequence),
/scratch/network/louisv/.conda/envs/orca_env/lib/python3.9/site-packages/torch/utils/checkpoint.py:460: UserWarning: torch.utils.checkpoint: please pass in use_reentrant=True or use_reentrant=False explicitly. The default value of use_reentrant will be updated to be False in the future. To maintain current behavior, pass use_reentrant=True. It is recommended that you use use_reentrant=False. Refer to docs for more details on the differences between the two variants.
  warnings.warn(
/scratch/network/louisv/.conda/envs/orca_env/lib/python3.9/site-packages/torch/utils/checkpoint.py:90: UserWarning: None of the inputs have requires_grad=True. Gradients will be None
  warnings.warn(
/scratch/network/louisv/transorca/transorca_predict.py:380: RuntimeWarning: Mean of empty slice
  np.nanmean(
WARNING:pygenometracks.tracksClass:title not set for section 4. [test gtf collapsed]

INFO:pygenometracks.tracksClass:initialize 1. [spacer]
INFO:pygenometracks.tracksClass:initialize 2. [x-axis]
INFO:pygenometracks.tracksClass:initialize 3. [spacer]
INFO:pygenometracks.tracksClass:initialize 4. [test gtf collapsed]
Using hg38 memmap file
0it [00:00, ?it/s]0it [00:00, ?it/s]
WARNING:pygenometracks.tracks.GenomeTrack:No valid intervals were found in file /scratch/network/louisv/transorca/resources/hg38.refGeneSelectMANE.bed.gz.

INFO:pygenometracks.tracksClass:time initializing track(s):
INFO:pygenometracks.tracksClass:0.24361467361450195
DEBUG:pygenometracks.tracksClass:Figure size in cm is 40.0 x 28.776595744680854. Dpi is set to 10

INFO:pygenometracks.tracksClass:plotting 1. [spacer]
INFO:pygenometracks.tracksClass:plotting 2. [x-axis]
INFO:pygenometracks.tracksClass:plotting 3. [spacer]
INFO:pygenometracks.tracksClass:plotting 4. [test gtf collapsed]
WARNING:pygenometracks.tracks.GenomeTrack:*Warning*
No interval was found when overlapping with both chr8:110304000-111504000 and 8:110304000-111504000 inside the bed file. This will generate an empty track!!

INFO:fontTools.subset:maxp pruned
INFO:fontTools.subset:cmap pruned
INFO:fontTools.subset:kern dropped
INFO:fontTools.subset:post pruned
INFO:fontTools.subset:FFTM dropped
INFO:fontTools.subset:GPOS pruned
INFO:fontTools.subset:GSUB pruned
INFO:fontTools.subset:name pruned
INFO:fontTools.subset:glyf pruned
INFO:fontTools.subset:Added gid0 to subset
INFO:fontTools.subset:Added first four glyphs to subset
INFO:fontTools.subset:Closing glyph list over 'GSUB': 16 glyphs before
INFO:fontTools.subset:Glyph names: ['.notdef', '.null', 'M', 'O', 'P', 'b', 'd', 'e', 'l', 'nonmarkingreturn', 'o', 'one', 'r', 's', 'space', 'zero']
INFO:fontTools.subset:Glyph IDs:   [0, 1, 2, 3, 19, 20, 48, 50, 51, 69, 71, 72, 79, 82, 85, 86]
INFO:fontTools.subset:Closed glyph list over 'GSUB': 16 glyphs after
INFO:fontTools.subset:Glyph names: ['.notdef', '.null', 'M', 'O', 'P', 'b', 'd', 'e', 'l', 'nonmarkingreturn', 'o', 'one', 'r', 's', 'space', 'zero']
INFO:fontTools.subset:Glyph IDs:   [0, 1, 2, 3, 19, 20, 48, 50, 51, 69, 71, 72, 79, 82, 85, 86]
INFO:fontTools.subset:Closing glyph list over 'glyf': 16 glyphs before
INFO:fontTools.subset:Glyph names: ['.notdef', '.null', 'M', 'O', 'P', 'b', 'd', 'e', 'l', 'nonmarkingreturn', 'o', 'one', 'r', 's', 'space', 'zero']
INFO:fontTools.subset:Glyph IDs:   [0, 1, 2, 3, 19, 20, 48, 50, 51, 69, 71, 72, 79, 82, 85, 86]
INFO:fontTools.subset:Closed glyph list over 'glyf': 16 glyphs after
INFO:fontTools.subset:Glyph names: ['.notdef', '.null', 'M', 'O', 'P', 'b', 'd', 'e', 'l', 'nonmarkingreturn', 'o', 'one', 'r', 's', 'space', 'zero']
INFO:fontTools.subset:Glyph IDs:   [0, 1, 2, 3, 19, 20, 48, 50, 51, 69, 71, 72, 79, 82, 85, 86]
INFO:fontTools.subset:Retaining 16 glyphs
INFO:fontTools.subset:head subsetting not needed
INFO:fontTools.subset:hhea subsetting not needed
INFO:fontTools.subset:maxp subsetting not needed
INFO:fontTools.subset:OS/2 subsetting not needed
INFO:fontTools.subset:hmtx subsetted
INFO:fontTools.subset:cmap subsetted
INFO:fontTools.subset:fpgm subsetting not needed
INFO:fontTools.subset:prep subsetting not needed
INFO:fontTools.subset:cvt  subsetting not needed
INFO:fontTools.subset:loca subsetting not needed
INFO:fontTools.subset:post subsetted
INFO:fontTools.subset:gasp subsetting not needed
INFO:fontTools.subset:GDEF subsetted
INFO:fontTools.subset:GPOS subsetted
INFO:fontTools.subset:GSUB subsetted
INFO:fontTools.subset:name subsetting not needed
INFO:fontTools.subset:glyf subsetted
INFO:fontTools.subset:head pruned
INFO:fontTools.subset:OS/2 Unicode ranges pruned: [0]
INFO:fontTools.subset:glyf pruned
INFO:fontTools.subset:GDEF pruned
INFO:fontTools.subset:GPOS pruned
INFO:fontTools.subset:GSUB pruned
INFO:fontTools.subset:maxp pruned
INFO:fontTools.subset:cmap pruned
INFO:fontTools.subset:kern dropped
INFO:fontTools.subset:post pruned
INFO:fontTools.subset:FFTM dropped
INFO:fontTools.subset:GPOS pruned
INFO:fontTools.subset:GSUB pruned
INFO:fontTools.subset:name pruned
INFO:fontTools.subset:glyf pruned
INFO:fontTools.subset:Added gid0 to subset
INFO:fontTools.subset:Added first four glyphs to subset
INFO:fontTools.subset:Closing glyph list over 'GSUB': 15 glyphs before
INFO:fontTools.subset:Glyph names: ['.notdef', '.null', 'c', 'colon', 'eight', 'four', 'h', 'hyphen', 'minus', 'nonmarkingreturn', 'one', 'r', 'space', 'two', 'zero']
INFO:fontTools.subset:Glyph IDs:   [0, 1, 2, 3, 16, 19, 20, 21, 23, 27, 29, 70, 75, 85, 3228]
INFO:fontTools.subset:Closed glyph list over 'GSUB': 15 glyphs after
INFO:fontTools.subset:Glyph names: ['.notdef', '.null', 'c', 'colon', 'eight', 'four', 'h', 'hyphen', 'minus', 'nonmarkingreturn', 'one', 'r', 'space', 'two', 'zero']
INFO:fontTools.subset:Glyph IDs:   [0, 1, 2, 3, 16, 19, 20, 21, 23, 27, 29, 70, 75, 85, 3228]
INFO:fontTools.subset:Closing glyph list over 'MATH': 15 glyphs before
INFO:fontTools.subset:Glyph names: ['.notdef', '.null', 'c', 'colon', 'eight', 'four', 'h', 'hyphen', 'minus', 'nonmarkingreturn', 'one', 'r', 'space', 'two', 'zero']
INFO:fontTools.subset:Glyph IDs:   [0, 1, 2, 3, 16, 19, 20, 21, 23, 27, 29, 70, 75, 85, 3228]
INFO:fontTools.subset:Closed glyph list over 'MATH': 15 glyphs after
INFO:fontTools.subset:Glyph names: ['.notdef', '.null', 'c', 'colon', 'eight', 'four', 'h', 'hyphen', 'minus', 'nonmarkingreturn', 'one', 'r', 'space', 'two', 'zero']
INFO:fontTools.subset:Glyph IDs:   [0, 1, 2, 3, 16, 19, 20, 21, 23, 27, 29, 70, 75, 85, 3228]
INFO:fontTools.subset:Closing glyph list over 'glyf': 15 glyphs before
INFO:fontTools.subset:Glyph names: ['.notdef', '.null', 'c', 'colon', 'eight', 'four', 'h', 'hyphen', 'minus', 'nonmarkingreturn', 'one', 'r', 'space', 'two', 'zero']
INFO:fontTools.subset:Glyph IDs:   [0, 1, 2, 3, 16, 19, 20, 21, 23, 27, 29, 70, 75, 85, 3228]
INFO:fontTools.subset:Closed glyph list over 'glyf': 15 glyphs after
INFO:fontTools.subset:Glyph names: ['.notdef', '.null', 'c', 'colon', 'eight', 'four', 'h', 'hyphen', 'minus', 'nonmarkingreturn', 'one', 'r', 'space', 'two', 'zero']
INFO:fontTools.subset:Glyph IDs:   [0, 1, 2, 3, 16, 19, 20, 21, 23, 27, 29, 70, 75, 85, 3228]
INFO:fontTools.subset:Retaining 15 glyphs
INFO:fontTools.subset:head subsetting not needed
INFO:fontTools.subset:hhea subsetting not needed
INFO:fontTools.subset:maxp subsetting not needed
INFO:fontTools.subset:OS/2 subsetting not needed
INFO:fontTools.subset:hmtx subsetted
INFO:fontTools.subset:cmap subsetted
INFO:fontTools.subset:fpgm subsetting not needed
INFO:fontTools.subset:prep subsetting not needed
INFO:fontTools.subset:cvt  subsetting not needed
INFO:fontTools.subset:loca subsetting not needed
INFO:fontTools.subset:post subsetted
INFO:fontTools.subset:gasp subsetting not needed
INFO:fontTools.subset:GDEF subsetted
INFO:fontTools.subset:GPOS subsetted
INFO:fontTools.subset:GSUB subsetted
INFO:fontTools.subset:MATH subsetted
INFO:fontTools.subset:name subsetting not needed
INFO:fontTools.subset:glyf subsetted
INFO:fontTools.subset:head pruned
INFO:fontTools.subset:OS/2 Unicode ranges pruned: [0, 38]
INFO:fontTools.subset:glyf pruned
INFO:fontTools.subset:GDEF pruned
INFO:fontTools.subset:GPOS pruned
INFO:fontTools.subset:GSUB pruned
INFO:fontTools.subset:maxp pruned
INFO:fontTools.subset:cmap pruned
INFO:fontTools.subset:kern dropped
INFO:fontTools.subset:post pruned
INFO:fontTools.subset:FFTM dropped
INFO:fontTools.subset:GPOS pruned
INFO:fontTools.subset:GSUB pruned
INFO:fontTools.subset:name pruned
INFO:fontTools.subset:glyf pruned
INFO:fontTools.subset:Added gid0 to subset
INFO:fontTools.subset:Added first four glyphs to subset
INFO:fontTools.subset:Closing glyph list over 'GSUB': 16 glyphs before
INFO:fontTools.subset:Glyph names: ['.notdef', '.null', 'M', 'O', 'P', 'b', 'd', 'e', 'l', 'nonmarkingreturn', 'o', 'one', 'r', 's', 'space', 'zero']
INFO:fontTools.subset:Glyph IDs:   [0, 1, 2, 3, 19, 20, 48, 50, 51, 69, 71, 72, 79, 82, 85, 86]
INFO:fontTools.subset:Closed glyph list over 'GSUB': 16 glyphs after
INFO:fontTools.subset:Glyph names: ['.notdef', '.null', 'M', 'O', 'P', 'b', 'd', 'e', 'l', 'nonmarkingreturn', 'o', 'one', 'r', 's', 'space', 'zero']
INFO:fontTools.subset:Glyph IDs:   [0, 1, 2, 3, 19, 20, 48, 50, 51, 69, 71, 72, 79, 82, 85, 86]
INFO:fontTools.subset:Closing glyph list over 'glyf': 16 glyphs before
INFO:fontTools.subset:Glyph names: ['.notdef', '.null', 'M', 'O', 'P', 'b', 'd', 'e', 'l', 'nonmarkingreturn', 'o', 'one', 'r', 's', 'space', 'zero']
INFO:fontTools.subset:Glyph IDs:   [0, 1, 2, 3, 19, 20, 48, 50, 51, 69, 71, 72, 79, 82, 85, 86]
INFO:fontTools.subset:Closed glyph list over 'glyf': 16 glyphs after
INFO:fontTools.subset:Glyph names: ['.notdef', '.null', 'M', 'O', 'P', 'b', 'd', 'e', 'l', 'nonmarkingreturn', 'o', 'one', 'r', 's', 'space', 'zero']
INFO:fontTools.subset:Glyph IDs:   [0, 1, 2, 3, 19, 20, 48, 50, 51, 69, 71, 72, 79, 82, 85, 86]
INFO:fontTools.subset:Retaining 16 glyphs
INFO:fontTools.subset:head subsetting not needed
INFO:fontTools.subset:hhea subsetting not needed
INFO:fontTools.subset:maxp subsetting not needed
INFO:fontTools.subset:OS/2 subsetting not needed
INFO:fontTools.subset:hmtx subsetted
INFO:fontTools.subset:cmap subsetted
INFO:fontTools.subset:fpgm subsetting not needed
INFO:fontTools.subset:prep subsetting not needed
INFO:fontTools.subset:cvt  subsetting not needed
INFO:fontTools.subset:loca subsetting not needed
INFO:fontTools.subset:post subsetted
INFO:fontTools.subset:gasp subsetting not needed
INFO:fontTools.subset:GDEF subsetted
INFO:fontTools.subset:GPOS subsetted
INFO:fontTools.subset:GSUB subsetted
INFO:fontTools.subset:name subsetting not needed
INFO:fontTools.subset:glyf subsetted
INFO:fontTools.subset:head pruned
INFO:fontTools.subset:OS/2 Unicode ranges pruned: [0]
INFO:fontTools.subset:glyf pruned
INFO:fontTools.subset:GDEF pruned
INFO:fontTools.subset:GPOS pruned
INFO:fontTools.subset:GSUB pruned
INFO:fontTools.subset:maxp pruned
INFO:fontTools.subset:cmap pruned
INFO:fontTools.subset:kern dropped
INFO:fontTools.subset:post pruned
INFO:fontTools.subset:FFTM dropped
INFO:fontTools.subset:GPOS pruned
INFO:fontTools.subset:GSUB pruned
INFO:fontTools.subset:name pruned
INFO:fontTools.subset:glyf pruned
INFO:fontTools.subset:Added gid0 to subset
INFO:fontTools.subset:Added first four glyphs to subset
INFO:fontTools.subset:Closing glyph list over 'GSUB': 15 glyphs before
INFO:fontTools.subset:Glyph names: ['.notdef', '.null', 'c', 'colon', 'eight', 'four', 'h', 'hyphen', 'minus', 'nonmarkingreturn', 'one', 'r', 'space', 'two', 'zero']
INFO:fontTools.subset:Glyph IDs:   [0, 1, 2, 3, 16, 19, 20, 21, 23, 27, 29, 70, 75, 85, 3228]
INFO:fontTools.subset:Closed glyph list over 'GSUB': 15 glyphs after
INFO:fontTools.subset:Glyph names: ['.notdef', '.null', 'c', 'colon', 'eight', 'four', 'h', 'hyphen', 'minus', 'nonmarkingreturn', 'one', 'r', 'space', 'two', 'zero']
INFO:fontTools.subset:Glyph IDs:   [0, 1, 2, 3, 16, 19, 20, 21, 23, 27, 29, 70, 75, 85, 3228]
INFO:fontTools.subset:Closing glyph list over 'MATH': 15 glyphs before
INFO:fontTools.subset:Glyph names: ['.notdef', '.null', 'c', 'colon', 'eight', 'four', 'h', 'hyphen', 'minus', 'nonmarkingreturn', 'one', 'r', 'space', 'two', 'zero']
INFO:fontTools.subset:Glyph IDs:   [0, 1, 2, 3, 16, 19, 20, 21, 23, 27, 29, 70, 75, 85, 3228]
INFO:fontTools.subset:Closed glyph list over 'MATH': 15 glyphs after
INFO:fontTools.subset:Glyph names: ['.notdef', '.null', 'c', 'colon', 'eight', 'four', 'h', 'hyphen', 'minus', 'nonmarkingreturn', 'one', 'r', 'space', 'two', 'zero']
INFO:fontTools.subset:Glyph IDs:   [0, 1, 2, 3, 16, 19, 20, 21, 23, 27, 29, 70, 75, 85, 3228]
INFO:fontTools.subset:Closing glyph list over 'glyf': 15 glyphs before
INFO:fontTools.subset:Glyph names: ['.notdef', '.null', 'c', 'colon', 'eight', 'four', 'h', 'hyphen', 'minus', 'nonmarkingreturn', 'one', 'r', 'space', 'two', 'zero']
INFO:fontTools.subset:Glyph IDs:   [0, 1, 2, 3, 16, 19, 20, 21, 23, 27, 29, 70, 75, 85, 3228]
INFO:fontTools.subset:Closed glyph list over 'glyf': 15 glyphs after
INFO:fontTools.subset:Glyph names: ['.notdef', '.null', 'c', 'colon', 'eight', 'four', 'h', 'hyphen', 'minus', 'nonmarkingreturn', 'one', 'r', 'space', 'two', 'zero']
INFO:fontTools.subset:Glyph IDs:   [0, 1, 2, 3, 16, 19, 20, 21, 23, 27, 29, 70, 75, 85, 3228]
INFO:fontTools.subset:Retaining 15 glyphs
INFO:fontTools.subset:head subsetting not needed
INFO:fontTools.subset:hhea subsetting not needed
INFO:fontTools.subset:maxp subsetting not needed
INFO:fontTools.subset:OS/2 subsetting not needed
INFO:fontTools.subset:hmtx subsetted
INFO:fontTools.subset:cmap subsetted
INFO:fontTools.subset:fpgm subsetting not needed
INFO:fontTools.subset:prep subsetting not needed
INFO:fontTools.subset:cvt  subsetting not needed
INFO:fontTools.subset:loca subsetting not needed
INFO:fontTools.subset:post subsetted
INFO:fontTools.subset:gasp subsetting not needed
INFO:fontTools.subset:GDEF subsetted
INFO:fontTools.subset:GPOS subsetted
INFO:fontTools.subset:GSUB subsetted
INFO:fontTools.subset:MATH subsetted
INFO:fontTools.subset:name subsetting not needed
INFO:fontTools.subset:glyf subsetted
INFO:fontTools.subset:head pruned
INFO:fontTools.subset:OS/2 Unicode ranges pruned: [0, 38]
INFO:fontTools.subset:glyf pruned
INFO:fontTools.subset:GDEF pruned
INFO:fontTools.subset:GPOS pruned
INFO:fontTools.subset:GSUB pruned
{'predictions': [[array([[-0.02717463, -0.01215153, -0.03829868, ...,  0.10875317,
         0.13315181,  0.13032313],
       [-0.01215153, -0.02717463, -0.04898384, ...,  0.10930587,
         0.13477266,  0.11530071],
       [-0.03829868, -0.04898384, -0.03616158, ...,  0.0993159 ,
         0.12164119,  0.11535934],
       ...,
       [ 0.10875317,  0.10930587,  0.0993159 , ..., -0.02566832,
        -0.02717463, -0.0043927 ],
       [ 0.13315181,  0.13477266,  0.12164119, ..., -0.02717463,
        -0.02717463,  0.00646306],
       [ 0.13032313,  0.11530071,  0.11535934, ..., -0.0043927 ,
         0.00646306, -0.02592168]], dtype=float32)], [array([[-0.2520078 , -0.04115246, -0.11662085, ...,  0.1720626 ,
         0.19222257, -0.01182779],
       [-0.04115246,  0.13930833,  0.04040575, ...,  0.26767042,
         0.3060414 ,  0.19364332],
       [-0.11662085,  0.04040575, -0.0543503 , ...,  0.23046213,
         0.26774925,  0.17319533],
       ...,
       [ 0.1720626 ,  0.26767042,  0.23046213, ..., -0.11878218,
        -0.02582984, -0.168336  ],
       [ 0.19222257,  0.3060414 ,  0.26774925, ..., -0.02582984,
         0.08195108, -0.09606478],
       [-0.01182779,  0.19364332,  0.17319533, ..., -0.168336  ,
        -0.09606478, -0.30360076]], dtype=float32)]], 'experiments': [[array([[-0.02604587, -0.05985409,  0.24117543, ...,  0.14262294,
        -0.07765007, -0.07324001],
       [-0.05985401, -0.11667486, -0.0083376 , ...,  0.14129645,
        -0.08024779, -0.07765007],
       [ 0.24117543, -0.0083376 , -0.07982605, ...,  0.13663497,
        -0.08157429, -0.08024779],
       ...,
       [ 0.14262294,  0.14129645,  0.13663497, ..., -0.08340589,
        -0.03561514, -0.04518864],
       [-0.07765007, -0.08024779, -0.08157429, ..., -0.03561514,
         0.00973399, -0.10925551],
       [-0.07324001, -0.07765007, -0.08024779, ..., -0.04518864,
        -0.10925544, -0.04563674]])], [array([[-0.02604587, -0.05985409,  0.24117543, ...,  0.14262294,
        -0.07765007, -0.07324001],
       [-0.05985401, -0.11667486, -0.0083376 , ...,  0.14129645,
        -0.08024779, -0.07765007],
       [ 0.24117543, -0.0083376 , -0.07982605, ...,  0.13663497,
        -0.08157429, -0.08024779],
       ...,
       [ 0.14262294,  0.14129645,  0.13663497, ..., -0.08340589,
        -0.03561514, -0.04518864],
       [-0.07765007, -0.08024779, -0.08157429, ..., -0.03561514,
         0.00973399, -0.10925551],
       [-0.07324001, -0.07765007, -0.08024779, ..., -0.04518864,
        -0.10925544, -0.04563674]])]], 'start_coords': [110404000], 'end_coords': [111404000], 'chr': 'chr8', 'annos': [[(0.0, 1.0, 'black')]], 'normmats': [[array([[1.07103023e-01, 2.71468200e-02, 6.44174808e-03, ...,
        3.33559082e-05, 3.31840343e-05, 3.28932713e-05],
       [2.71468200e-02, 1.07103023e-01, 2.71468200e-02, ...,
        3.34438457e-05, 3.33559082e-05, 3.31840343e-05],
       [6.44174808e-03, 2.71468200e-02, 1.07103023e-01, ...,
        3.37537962e-05, 3.34438457e-05, 3.33559082e-05],
       ...,
       [3.33559082e-05, 3.34438457e-05, 3.37537962e-05, ...,
        1.07103023e-01, 2.71468200e-02, 6.44174808e-03],
       [3.31840343e-05, 3.33559082e-05, 3.34438457e-05, ...,
        2.71468200e-02, 1.07103023e-01, 2.71468200e-02],
       [3.28932713e-05, 3.31840343e-05, 3.33559082e-05, ...,
        6.44174808e-03, 2.71468200e-02, 1.07103023e-01]])], [array([[1.07103023e-01, 2.71468200e-02, 6.44174808e-03, ...,
        3.33559082e-05, 3.31840343e-05, 3.28932713e-05],
       [2.71468200e-02, 1.07103023e-01, 2.71468200e-02, ...,
        3.34438457e-05, 3.33559082e-05, 3.31840343e-05],
       [6.44174808e-03, 2.71468200e-02, 1.07103023e-01, ...,
        3.37537962e-05, 3.34438457e-05, 3.33559082e-05],
       ...,
       [3.33559082e-05, 3.34438457e-05, 3.37537962e-05, ...,
        1.07103023e-01, 2.71468200e-02, 6.44174808e-03],
       [3.31840343e-05, 3.33559082e-05, 3.34438457e-05, ...,
        2.71468200e-02, 1.07103023e-01, 2.71468200e-02],
       [3.28932713e-05, 3.31840343e-05, 3.33559082e-05, ...,
        6.44174808e-03, 2.71468200e-02, 1.07103023e-01]])]]}
